name: UOB_FYP
channels:
  - conda-forge
  - defaults
dependencies:
  - asttokens=3.0.0=pyhd8ed1ab_1
  - backcall=0.2.0=pyh9f0ad1d_0
  - bzip2=1.0.8=h2bbff1b_6
  - ca-certificates=2025.6.15=h4c7d964_0
  - colorama=0.4.6=pyhd8ed1ab_1
  - comm=0.2.2=pyhd8ed1ab_1
  - debugpy=1.8.11=py39h5da7b33_0
  - decorator=5.2.1=pyhd8ed1ab_0
  - executing=2.2.0=pyhd8ed1ab_0
  - expat=2.7.1=h8ddb27b_0
  - importlib-metadata=8.7.0=pyhe01879c_1
  - ipykernel=6.29.5=pyh4bbf305_0
  - ipython=8.12.0=pyh08f2357_0
  - jedi=0.19.2=pyhd8ed1ab_1
  - jupyter_client=8.6.3=pyhd8ed1ab_1
  - jupyter_core=5.7.2=py39hcbf5309_0
  - libffi=3.4.4=hd77b12b_1
  - libsodium=1.0.18=h8d14728_1
  - matplotlib-inline=0.1.7=pyhd8ed1ab_1
  - nest-asyncio=1.6.0=pyhd8ed1ab_1
  - openssl=3.0.16=h3f729d1_0
  - packaging=25.0=pyh29332c3_1
  - parso=0.8.4=pyhd8ed1ab_1
  - pickleshare=0.7.5=pyhd8ed1ab_1004
  - pip=25.1=pyhc872135_2
  - platformdirs=4.3.8=pyhe01879c_0
  - prompt-toolkit=3.0.51=pyha770c72_0
  - prompt_toolkit=3.0.51=hd8ed1ab_0
  - psutil=5.9.0=py39h827c3e9_1
  - pure_eval=0.2.3=pyhd8ed1ab_1
  - pygments=2.19.2=pyhd8ed1ab_0
  - python=3.9.23=h716150d_0
  - python-dateutil=2.9.0.post0=pyhe01879c_2
  - python_abi=3.9=2_cp39
  - pywin32=308=py39h5da7b33_0
  - pyzmq=24.0.1=py39hea35a22_1
  - setuptools=78.1.1=py39haa95532_0
  - six=1.17.0=pyhd8ed1ab_0
  - sqlite=3.45.3=h2bbff1b_0
  - stack_data=0.6.3=pyhd8ed1ab_1
  - tk=8.6.14=h5e9d12e_1
  - tornado=6.2=py39ha55989b_1
  - traitlets=5.14.3=pyhd8ed1ab_1
  - typing_extensions=4.14.1=pyhe01879c_0
  - ucrt=10.0.22621.0=h57928b3_1
  - vc=14.42=haa95532_5
  - vs2015_runtime=14.42.34433=hbfb602d_5
  - wcwidth=0.2.13=pyhd8ed1ab_1
  - wheel=0.45.1=py39haa95532_0
  - xz=5.6.4=h4754444_1
  - zeromq=4.3.4=h0e60522_1
  - zipp=3.23.0=pyhd8ed1ab_0
  - zlib=1.2.13=h8cc25b3_1
  - pip:
    - absl-py==2.3.1
    - astunparse==1.6.3
    - certifi==2025.6.15
    - charset-normalizer==3.4.2
    - contourpy==1.3.0
    - cycler==0.12.1
    - filelock==3.18.0
    - flatbuffers==25.2.10
    - fonttools==4.58.5
    - fsspec==2025.5.1
    - gast==0.6.0
    - google-pasta==0.2.0
    - grpcio==1.73.1
    - h5py==3.14.0
    - idna==3.10
    - imbalanced-learn==0.12.4
    - imblearn==0.0
    - importlib-resources==6.5.2
    - jinja2==3.1.6
    - joblib==1.5.1
    - keras==3.10.0
    - kiwisolver==1.4.7
    - libclang==18.1.1
    - markdown==3.8.2
    - markdown-it-py==3.0.0
    - markupsafe==3.0.2
    - matplotlib==3.9.4
    - mdurl==0.1.2
    - ml-dtypes==0.5.1
    - mpmath==1.3.0
    - namex==0.1.0
    - networkx==3.2.1
    - numpy==2.0.2
    - opt-einsum==3.4.0
    - optree==0.16.0
    - pandas==2.3.0
    - pillow==11.3.0
    - protobuf==5.29.5
    - pyparsing==3.2.3
    - pytorch-tabnet==4.1.0
    - pytz==2025.2
    - requests==2.32.4
    - rich==14.0.0
    - scikit-learn==1.6.1
    - scipy==1.13.1
    - seaborn==0.13.2
    - sympy==1.14.0
    - tensorboard==2.19.0
    - tensorboard-data-server==0.7.2
    - tensorflow==2.19.0
    - tensorflow-io-gcs-filesystem==0.31.0
    - termcolor==3.1.0
    - threadpoolctl==3.6.0
    - torch==2.7.1
    - tqdm==4.67.1
    - tzdata==2025.2
    - urllib3==2.5.0
    - werkzeug==3.1.3
    - wrapt==1.17.2
    - xgboost==2.1.4
prefix: C:\Users\Mhd Alkamha\anaconda3\envs\UOB_FYP
